2.553800010681152344e+01 -1.532600021362304688e+01 -1.660099983215332031e+01
2.229199981689453125e+01 -1.527600002288818359e+01 -1.493799972534179688e+01
2.042700004577636719e+01 -1.860000038146972656e+01 -1.507600021362304688e+01
1.709900093078613281e+01 -1.797999954223632812e+01 -1.670000076293945312e+01
1.406000041961669922e+01 -2.012899971008300781e+01 -1.736199951171875000e+01
1.090499973297119141e+01 -1.969899940490722656e+01 -1.952300071716308594e+01
1.039799976348876953e+01 -1.725699996948242188e+01 -2.248500061035156250e+01
1.309200000762939453e+01 -1.504199981689453125e+01 -2.101499938964843750e+01
1.564599990844726562e+01 -1.792399978637695312e+01 -2.150799942016601562e+01
1.457199954986572266e+01 -1.814800071716308594e+01 -2.517700004577636719e+01
1.505799961090087891e+01 -1.433600044250488281e+01 -2.593899917602539062e+01
1.840399932861328125e+01 -1.416899967193603516e+01 -2.400099945068359375e+01
1.954299926757812500e+01 -1.729599952697753906e+01 -2.620100021362304688e+01
1.856399917602539062e+01 -1.547500038146972656e+01 -2.944199943542480469e+01
2.008200073242187500e+01 -1.211999988555908203e+01 -2.809199905395507812e+01
2.357099914550781250e+01 -1.364299964904785156e+01 -2.771400070190429688e+01
2.371699905395507812e+01 -1.448099994659423828e+01 -3.154500007629394531e+01
2.227199935913085938e+01 -1.127299976348876953e+01 -3.304899978637695312e+01
2.400099945068359375e+01 -9.378000259399414062e+00 -3.602099990844726562e+01
2.606699943542480469e+01 -6.072999954223632812e+00 -3.568299865722656250e+01
2.468700027465820312e+01 -2.740999937057495117e+00 -3.718600082397460938e+01
2.754899978637695312e+01 -3.930000066757202148e-01 -3.841500091552734375e+01
2.592799949645996094e+01 2.194999933242797852e+00 -4.059999847412109375e+01
2.635000038146972656e+01 5.614999771118164062e+00 -3.903699874877929688e+01
2.377799987792968750e+01 7.407000064849853516e+00 -3.687599945068359375e+01
2.156900024414062500e+01 1.032600021362304688e+01 -3.804899978637695312e+01
2.193099975585937500e+01 1.289799976348876953e+01 -3.533499908447265625e+01
2.421299934387207031e+01 1.336200046539306641e+01 -3.230500030517578125e+01
2.253599929809570312e+01 1.228199958801269531e+01 -2.895000076293945312e+01
1.957999992370605469e+01 1.433600044250488281e+01 -2.762500000000000000e+01
1.898800086975097656e+01 1.411100006103515625e+01 -2.382900047302246094e+01
1.582499980926513672e+01 1.209000015258789062e+01 -2.295400047302246094e+01
1.659300041198730469e+01 1.221899986267089844e+01 -1.914699935913085938e+01
1.754500007629394531e+01 1.590200042724609375e+01 -1.904100036621093750e+01
1.441899967193603516e+01 1.650900077819824219e+01 -2.122599983215332031e+01
1.228199958801269531e+01 1.476399993896484375e+01 -1.849099922180175781e+01
1.411499977111816406e+01 1.698699951171875000e+01 -1.581000041961669922e+01
1.324400043487548828e+01 2.000799942016601562e+01 -1.796999931335449219e+01
9.590000152587890625e+00 1.883699989318847656e+01 -1.821400070190429688e+01
9.097000122070312500e+00 1.835499954223632812e+01 -1.441699981689453125e+01
1.074499988555908203e+01 2.179899978637695312e+01 -1.398600006103515625e+01
8.472000122070312500e+00 2.352099990844726562e+01 -1.654700088500976562e+01
5.565000057220458984e+00 2.161100006103515625e+01 -1.489599990844726562e+01
4.400000095367431641e+00 1.995800018310546875e+01 -1.813100051879882812e+01
3.381000041961669922e+00 1.627599906921386719e+01 -1.826899909973144531e+01
5.925000190734863281e+00 1.392899990081787109e+01 -1.968799972534179688e+01
4.780000209808349609e+00 1.097099971771240234e+01 -2.188299942016601562e+01
7.006000041961669922e+00 8.336999893188476562e+00 -2.335300064086914062e+01
4.988999843597412109e+00 7.140999794006347656e+00 -2.629400062561035156e+01
5.852000236511230469e+00 3.594000101089477539e+00 -2.758499908447265625e+01
5.394999980926513672e+00 1.802000045776367188e+00 -3.098399925231933594e+01
5.843999862670898438e+00 -1.985000014305114746e+00 -3.171100044250488281e+01
4.683000087738037109e+00 -4.179999828338623047e+00 -3.454800033569335938e+01
3.858999967575073242e+00 -7.127999782562255859e+00 -3.221900177001953125e+01
3.974999904632568359e+00 -7.907999992370605469e+00 -2.852899932861328125e+01
3.381999969482421875e+00 -1.081900024414062500e+01 -2.602199935913085938e+01
-2.770000100135803223e-01 -1.188000011444091797e+01 -2.537000083923339844e+01
-2.980999946594238281e+00 -1.066800022125244141e+01 -2.789100074768066406e+01
-2.752000093460083008e+00 -7.934999942779541016e+00 -3.059199905395507812e+01
-2.924000024795532227e+00 -4.039000034332275391e+00 -3.038500022888183594e+01
-4.265999794006347656e+00 -1.914000034332275391e+00 -3.320600128173828125e+01
-1.792000055313110352e+00 -1.493999958038330078e+00 -3.611700057983398438e+01
-6.840000152587890625e-01 2.066999912261962891e+00 -3.680300140380859375e+01
1.435999989509582520e+00 3.335999965667724609e+00 -3.966899871826171875e+01
5.000999927520751953e+00 4.019999980926513672e+00 -3.816400146484375000e+01
6.078000068664550781e+00 7.434999942779541016e+00 -3.949900054931640625e+01
2.555999994277954102e+00 8.888999938964843750e+00 -3.948699951171875000e+01
2.244999885559082031e+00 7.887000083923339844e+00 -3.577999877929687500e+01
5.712999820709228516e+00 9.166999816894531250e+00 -3.488899993896484375e+01
5.304999828338623047e+00 1.267399978637695312e+01 -3.631000137329101562e+01
1.847000002861022949e+00 1.308899974822998047e+01 -3.465599822998046875e+01
3.305999994277954102e+00 1.204500007629394531e+01 -3.130999946594238281e+01
6.434000015258789062e+00 1.424300003051757812e+01 -3.188100051879882812e+01
4.750999927520751953e+00 1.754700088500976562e+01 -3.091900062561035156e+01
3.214999914169311523e+00 1.602700042724609375e+01 -2.755500030517578125e+01
5.454999923706054688e+00 1.319200038909912109e+01 -2.629899978637695312e+01
8.786000251770019531e+00 1.374300003051757812e+01 -2.436300086975097656e+01
1.049400043487548828e+01 1.066699981689453125e+01 -2.611800003051757812e+01
9.517999649047851562e+00 7.872000217437744141e+00 -2.840900039672851562e+01
1.026599979400634766e+01 4.326000213623046875e+00 -2.747100067138671875e+01
1.067399978637695312e+01 1.574000000953674316e+00 -3.016200065612792969e+01
1.073400020599365234e+01 -2.289000034332275391e+00 -2.993300056457519531e+01
1.350599956512451172e+01 -3.509999990463256836e+00 -3.228900146484375000e+01
1.338000011444091797e+01 -7.068999767303466797e+00 -3.092000007629394531e+01
1.239799976348876953e+01 -9.137000083923339844e+00 -3.401399993896484375e+01
1.062699985504150391e+01 -1.231799983978271484e+01 -3.262799835205078125e+01
8.388999938964843750e+00 -1.153299999237060547e+01 -2.970299911499023438e+01
8.154000282287597656e+00 -7.875999927520751953e+00 -3.069499969482421875e+01
8.583000183105468750e+00 -8.355999946594238281e+00 -3.449800109863281250e+01
1.040400028228759766e+01 -4.998000144958496094e+00 -3.530599975585937500e+01
1.317399978637695312e+01 -3.812999963760375977e+00 -3.756999969482421875e+01
1.637400054931640625e+01 -1.914999961853027344e+00 -3.778699874877929688e+01
1.486200046539306641e+01 -9.300000220537185669e-02 -4.075400161743164062e+01
1.176599979400634766e+01 1.011000037193298340e+00 -3.865800094604492188e+01
1.390299987792968750e+01 2.657000064849853516e+00 -3.598600006103515625e+01
1.594600009918212891e+01 4.386000156402587891e+00 -3.861600112915039062e+01
1.292199993133544922e+01 5.676000118255615234e+00 -4.052399826049804688e+01
1.158500003814697266e+01 7.158999919891357422e+00 -3.730300140380859375e+01
1.498900032043457031e+01 8.291000366210937500e+00 -3.595000076293945312e+01
1.532199954986572266e+01 1.001299953460693359e+01 -3.939899826049804688e+01
1.171800041198730469e+01 1.156000041961669922e+01 -3.938499832153320312e+01
1.152999973297119141e+01 1.308600044250488281e+01 -3.582300186157226562e+01
1.364799976348876953e+01 1.545100021362304688e+01 -3.367800140380859375e+01
1.266800022125244141e+01 1.400399971008300781e+01 -3.017000007629394531e+01
1.482499980926513672e+01 1.144699954986572266e+01 -2.829599952697753906e+01
1.454899978637695312e+01 7.822999954223632812e+00 -2.964100074768066406e+01
1.474800014495849609e+01 5.139999866485595703e+00 -2.683699989318847656e+01
1.518200016021728516e+01 1.618999958038330078e+00 -2.809700012207031250e+01
1.400800037384033203e+01 -1.560999989509582520e+00 -2.621299934387207031e+01
1.560999965667724609e+01 -4.940999984741210938e+00 -2.706100082397460938e+01
1.720899963378906250e+01 -7.432000160217285156e+00 -2.460799980163574219e+01
2.062500000000000000e+01 -5.915999889373779297e+00 -2.376399993896484375e+01
2.275499916076660156e+01 -8.788000106811523438e+00 -2.237500000000000000e+01
2.606500053405761719e+01 -7.986000061035156250e+00 -2.403899955749511719e+01
2.819499969482421875e+01 -4.908999919891357422e+00 -2.491099929809570312e+01
2.801099967956542969e+01 -5.427000045776367188e+00 -2.878800010681152344e+01
2.432699966430664062e+01 -4.587999820709228516e+00 -2.866699981689453125e+01
2.510600090026855469e+01 -1.123000025749206543e+00 -2.711700057983398438e+01
2.727499961853027344e+01 -3.219999969005584717e-01 -3.021800041198730469e+01
2.440200042724609375e+01 -1.652999997138977051e+00 -3.251900100708007812e+01
2.194199943542480469e+01 5.279999971389770508e-01 -3.060300064086914062e+01
2.428199958801269531e+01 3.552000045776367188e+00 -3.087299919128417969e+01
2.479999923706054688e+01 3.203000068664550781e+00 -3.472499847412109375e+01
2.116900062561035156e+01 2.335000038146972656e+00 -3.545199966430664062e+01
2.006599998474121094e+01 5.774000167846679688e+00 -3.409099960327148438e+01
1.907799911499023438e+01 4.965000152587890625e+00 -3.047699928283691406e+01
1.936100006103515625e+01 8.109000205993652344e+00 -2.818799972534179688e+01
1.908099937438964844e+01 5.968999862670898438e+00 -2.513100051879882812e+01
1.838800048828125000e+01 2.269999980926513672e+00 -2.422800064086914062e+01
1.651099967956542969e+01 1.819999963045120239e-01 -2.170299911499023438e+01
1.910499954223632812e+01 -1.807000041007995605e+00 -1.952099990844726562e+01
1.710700035095214844e+01 -4.710000038146972656e+00 -1.792900085449218750e+01
1.813100051879882812e+01 -5.540999889373779297e+00 -1.429300022125244141e+01
1.643400001525878906e+01 -9.045000076293945312e+00 -1.415799999237060547e+01
1.835899925231933594e+01 -1.085900020599365234e+01 -1.699799919128417969e+01
2.172900009155273438e+01 -9.378999710083007812e+00 -1.591800022125244141e+01
2.439800071716308594e+01 -1.006499958038330078e+01 -1.314400005340576172e+01
2.543700027465820312e+01 -6.888999938964843750e+00 -1.108800029754638672e+01
2.895000076293945312e+01 -6.505000114440917969e+00 -1.256599998474121094e+01
2.761000061035156250e+01 -6.928999900817871094e+00 -1.620700073242187500e+01
2.469000053405761719e+01 -4.497000217437744141e+00 -1.580399990081787109e+01
2.693000030517578125e+01 -1.896999955177307129e+00 -1.416199970245361328e+01
2.965099906921386719e+01 -2.378999948501586914e+00 -1.690600013732910156e+01
2.686000061035156250e+01 -1.751000046730041504e+00 -1.952199935913085938e+01
2.550499916076660156e+01 1.210999965667724609e+00 -1.742200088500976562e+01
2.893099975585937500e+01 2.716000080108642578e+00 -1.745100021362304688e+01
2.921400070190429688e+01 1.842000007629394531e+00 -2.109199905395507812e+01
2.601399993896484375e+01 3.706000089645385742e+00 -2.196899986267089844e+01
2.715800094604492188e+01 6.539999961853027344e+00 -1.974200057983398438e+01
3.047999954223632812e+01 6.774000167846679688e+00 -2.157699966430664062e+01
2.846500015258789062e+01 6.842999935150146484e+00 -2.489900016784667969e+01
2.684799957275390625e+01 1.018400001525878906e+01 -2.387899971008300781e+01
2.332699966430664062e+01 8.951999664306640625e+00 -2.260600090026855469e+01
2.173699951171875000e+01 8.279000282287597656e+00 -1.903300094604492188e+01
2.032900047302246094e+01 4.670000076293945312e+00 -1.955699920654296875e+01
1.679899978637695312e+01 3.457999944686889648e+00 -1.832900047302246094e+01
1.715999984741210938e+01 8.220000267028808594e-01 -1.548999977111816406e+01
1.422299957275390625e+01 -1.419000029563903809e+00 -1.597399997711181641e+01
1.290999984741210938e+01 -2.782999992370605469e+00 -1.271899986267089844e+01
1.031000041961669922e+01 -5.431000232696533203e+00 -1.227099990844726562e+01
1.103600025177001953e+01 -6.632999897003173828e+00 -8.680000305175781250e+00
1.206200027465820312e+01 -5.807000160217285156e+00 -5.074999809265136719e+00
1.555099964141845703e+01 -7.363999843597412109e+00 -5.767000198364257812e+00
1.585599994659423828e+01 -5.370999813079833984e+00 -9.074000358581542969e+00
1.531200027465820312e+01 -2.174000024795532227e+00 -7.053999900817871094e+00
1.816099929809570312e+01 -3.194999933242797852e+00 -4.605999946594238281e+00
2.043199920654296875e+01 -3.595000028610229492e+00 -7.644000053405761719e+00
1.944099998474121094e+01 -4.379999935626983643e-01 -9.383999824523925781e+00
1.995700073242187500e+01 1.705000042915344238e+00 -6.302000045776367188e+00
2.342399978637695312e+01 1.439999938011169434e-01 -5.671999931335449219e+00
2.482500076293945312e+01 1.205000042915344238e+00 -9.102000236511230469e+00
2.392300033569335938e+01 4.925000190734863281e+00 -8.892999649047851562e+00
2.104700088500976562e+01 4.894000053405761719e+00 -1.143099975585937500e+01
1.951000022888183594e+01 8.204000473022460938e+00 -1.237399959564208984e+01
1.665299987792968750e+01 6.923999786376953125e+00 -1.458100032806396484e+01
1.473600006103515625e+01 3.953000068664550781e+00 -1.337500000000000000e+01
1.177700042724609375e+01 2.348999977111816406e+00 -1.516499996185302734e+01
9.045000076293945312e+00 5.740000009536743164e-01 -1.313300037384033203e+01
6.980000019073486328e+00 -2.135999917984008789e+00 -1.467300033569335938e+01
3.131999969482421875e+00 -2.625000000000000000e+00 -1.427999973297119141e+01
3.257999897003173828e+00 -6.380000114440917969e+00 -1.523299980163574219e+01
5.663000106811523438e+00 -9.234999656677246094e+00 -1.481499958038330078e+01
8.409000396728515625e+00 -9.972000122070312500e+00 -1.730900001525878906e+01
8.428000450134277344e+00 -1.368400001525878906e+01 -1.678100013732910156e+01
4.613999843597412109e+00 -1.424699974060058594e+01 -1.624200057983398438e+01
2.816999912261962891e+00 -1.112800025939941406e+01 -1.781900024414062500e+01
9.240000247955322266e-01 -1.086200046539306641e+01 -1.442399978637695312e+01
-6.719999909400939941e-01 -7.407000064849853516e+00 -1.420699977874755859e+01
-4.079999923706054688e-01 -5.714000225067138672e+00 -1.070100021362304688e+01
-6.309999823570251465e-01 -1.947000026702880859e+00 -1.006499958038330078e+01
4.399999976158142090e-02 -2.210000038146972656e+00 -6.357999801635742188e+00
3.571000099182128906e+00 -3.607000112533569336e+00 -6.640999794006347656e+00
4.526000022888183594e+00 -1.008999943733215332e+00 -9.373000144958496094e+00
3.319000005722045898e+00 1.748999953269958496e+00 -7.000999927520751953e+00
5.065000057220458984e+00 -9.200000017881393433e-02 -4.147999763488769531e+00
8.473999977111816406e+00 8.699999749660491943e-02 -5.868000030517578125e+00
8.149999618530273438e+00 3.756000041961669922e+00 -7.066999912261962891e+00
7.638000011444091797e+00 4.807000160217285156e+00 -3.398999929428100586e+00
1.079599952697753906e+01 2.704999923706054688e+00 -2.509999990463256836e+00
1.274800014495849609e+01 4.809000015258789062e+00 -5.165999889373779297e+00
1.422900009155273438e+01 8.156999588012695312e+00 -3.664999961853027344e+00
1.278100013732910156e+01 1.140200042724609375e+01 -4.927999973297119141e+00
1.583699989318847656e+01 1.282800006866455078e+01 -6.616000175476074219e+00
1.585200023651123047e+01 1.003999996185302734e+01 -9.260000228881835938e+00
1.409099960327148438e+01 1.002900028228759766e+01 -1.265400028228759766e+01
1.137199974060058594e+01 7.250000000000000000e+00 -1.230200004577636719e+01
8.817999839782714844e+00 6.125000000000000000e+00 -1.492899990081787109e+01
5.695000171661376953e+00 4.076000213623046875e+00 -1.452799987792968750e+01
5.494999885559082031e+00 1.827999949455261230e+00 -1.768899917602539062e+01
1.766000032424926758e+00 8.899999856948852539e-01 -1.866699981689453125e+01
-1.503000020980834961e+00 3.179999887943267822e-01 -1.657600021362304688e+01
-2.667999982833862305e+00 3.911000013351440430e+00 -1.723299980163574219e+01
-5.959000110626220703e+00 4.617000102996826172e+00 -1.905200004577636719e+01
-7.263999938964843750e+00 7.603000164031982422e+00 -1.687199974060058594e+01
-5.604000091552734375e+00 1.105799961090087891e+01 -1.636100006103515625e+01
-6.342000007629394531e+00 1.079599952697753906e+01 -1.262899971008300781e+01
-3.868999958038330078e+00 7.914999961853027344e+00 -1.246500015258789062e+01
-1.190000057220458984e+00 1.026500034332275391e+01 -1.396800041198730469e+01
-2.213999986648559570e+00 1.288599967956542969e+01 -1.140900039672851562e+01
-1.995000004768371582e+00 1.038199996948242188e+01 -8.420000076293945312e+00
1.177999973297119141e+00 8.574999809265136719e+00 -9.699999809265136719e+00
2.674999952316284180e+00 1.212399959564208984e+01 -1.047900009155273438e+01
1.980999946594238281e+00 1.290299987792968750e+01 -6.839000225067138672e+00
3.453000068664550781e+00 9.475000381469726562e+00 -5.737999916076660156e+00
6.777999877929687500e+00 1.039400005340576172e+01 -7.556000232696533203e+00
6.287000179290771484e+00 9.442000389099121094e+00 -1.121100044250488281e+01
8.170999526977539062e+00 1.193999958038330078e+01 -1.346300029754638672e+01
7.056000232696533203e+00 1.041399955749511719e+01 -1.670499992370605469e+01
4.696000099182128906e+00 7.756999969482421875e+00 -1.814699935913085938e+01
5.500999927520751953e+00 5.110000133514404297e+00 -2.063599967956542969e+01
2.187000036239624023e+00 4.594999790191650391e+00 -2.256100082397460938e+01
1.940000057220458984e+00 1.991999983787536621e+00 -2.552000045776367188e+01
-1.416000008583068848e+00 8.699999749660491943e-02 -2.633600044250488281e+01
-3.786000013351440430e+00 2.947000026702880859e+00 -2.552400016784667969e+01
-1.968999981880187988e+00 5.157000064849853516e+00 -2.805299949645996094e+01
-1.860999941825866699e+00 2.272000074386596680e+00 -3.052700042724609375e+01
-5.666999816894531250e+00 2.132999897003173828e+00 -3.019799995422363281e+01
-6.380000114440917969e+00 5.859000205993652344e+00 -2.998200035095214844e+01
-3.654999971389770508e+00 8.449999809265136719e+00 -3.067700004577636719e+01
-5.677999973297119141e+00 1.126099967956542969e+01 -2.914699935913085938e+01
-5.611000061035156250e+00 9.965000152587890625e+00 -2.563500022888183594e+01
-2.230000019073486328e+00 1.167000007629394531e+01 -2.528499984741210938e+01
-4.094999790191650391e+00 1.513399982452392578e+01 -2.510799980163574219e+01
-6.151999950408935547e+00 1.366899967193603516e+01 -2.232799911499023438e+01
-3.118000030517578125e+00 1.217800045013427734e+01 -2.042499923706054688e+01
-1.110999941825866699e+00 1.556499958038330078e+01 -2.078899955749511719e+01
-3.588999986648559570e+00 1.832999992370605469e+01 -2.041900062561035156e+01
-6.650000095367431641e+00 1.670000076293945312e+01 -1.883499908447265625e+01
-1.032499980926513672e+01 1.748500061035156250e+01 -1.933499908447265625e+01
